0180
0180
0059
0016
0301
1096
1384
1492
1538
1248
0456
0176
0060
0016
0304
1092
1386
1493
1536
1242
0456
0176
0062
0016
0304
1090
1388
1490
1538
1239
0464
0176
0061
0016
0301
1090
1387
1493
1536
1240
0456
0176
0059
0016
0298
1092
1384
1493
1538
1248
0452
0180
0059
0016
0299
1096
1384
1492
1539
1245
0456
0180
0062
0016
0304
1089
1388
1489
1541
1242
0457
0176
0064
0024
0308
1092
1388
1492
1540
1240
0456
0176
0063
0016
0301
1092
1387
1493
1536
1243
0457
0176
0059
0016
0298
1093
1384
1494
1536
1244
0456
0180
0058
0016
0301
1092
1386
1492
1537
1242
0456
0176
0059
0016
0308
1088
1390
1489
1540
1241
0456
0176
0063
0016
0305
1092
1386
1489
1540
1244
0456
0176
0060
0016
0301
1092
1386
1494
1535
1250
0456
0180
0060
0016
0300
1093
1385
1494
1536
1243
0456
0176
0061
0016
0301
1092
1388
1491
1539
1242
0464
0172
0061
0016
0304
1089
1390
1490
1539
1242
0464
0176
0062
0016
0304
1096
1388
1488
1536
1250
0456
0176
0058
0016
0304
1092
1386
1497
1534
1248
0456
0180
0058
0016
0304
1092
1385
1493
1536
1242
0457
0173
0063
0016
0304
1089
1385
1488
1541
1243
0457
0170
0062
0016
0304
1096
1386
1488
1537
1245
0456
0176
0055
0016
0304
1093
1384
1493
1536
1244
0452
0180
0059
0016
0298
1088
1389
1496
1534
1248
0457
0176
0060
0016
0309
1088
1386
1491
1542
1243
0456
0173
0064
0024
0308
1092
1387
1492
1538
1243
0456
0180
0059
0016
0304
1099
1384
1492
1534
1252
0457
0180
0060
0020
0296
1092
1387
1495
1534
1248
0464
0176
0061
0016
0301
1087
1377
1486
1538
1239
0464
0172
0059
0016
0308
1086
1373
1488
1540
1242
0456
0180
0059
0016
0304
1096
1384
1491
1535
1252
0456
0180
0058
0016
0308
1092
1384
1496
1533
1249
0456
0176
0064
0032
0298
1096
1391
1490
1537
1243
0464
0170
0063
0016
0304
1087
1374
1488
1540
1240
0456
0176
0054
0016
0300
1092
1386
1492
1530
1250
0457
0180
0057
0016
0300
1096
1381
1493
1540
1244
0448
0183
0061
0016
0304
1093
1387
1492
1536
1244
0464
0176
0063
0016
0308
1090
1387
1488
1540
1248
0456
0170
0062
0016
0304
1093
1386
1496
1533
1240
0464
0180
0056
0016
0304
1090
1385
1495
1534
1252
0457
0172
0059
0020
0300
1089
1385
1490
1542
1240
0452
0180
0061
0016
0308
1090
1390
1485
1537
1244
0464
0171
0060
0016
0301
1090
1390
1488
1538
1248
0456
0180
0063
0016
0297
1092
1389
1498
1535
1248
0456
0176
0058
0016
0304
1090
1388
1501
1532
1252
0464
0176
0063
0016
0308
1097
1387
1484
1544
1243
0456
0176
0060
0016
0308
1096
1387
1492
1536
1241
0464
0184
0063
0016
0300
1092
1397
1471
1524
1248
0452
0180
0064
0024
0308
1096
1385
1494
1533
1256
0456
0180
0060
0016
0304
1096
1386
1494
1537
1243
0456
0176
0065
0032
0308
1092
1390
1478
1540
1246
0464
0170
0064
0032
0308
1097
1384
1494
1538
1237
0457
0180
0062
0016
0298
1096
1394
1492
1531
1256
0456
0176
0064
0032
0300
1096
1384
1485
1539
1249
0456
0169
0054
0016
0298
1093
1396
1472
1525
1262
0452
0170
0072
0022
0288
1104
1394
1481
1540
1258
0441
0160
0072
0020
0298
1106
1386
1488
1536
1252
0446
0168
0072
0032
0296
1104
1385
1490
1542
1253
0444
0160
0064
0032
0301
1106
1386
1482
1547
1245
0448
0182
0072
0020
0304
1096
1387
1481
1544
1248
0447
0149
0065
0020
0301
1099
1389
1473
1545
1249
0442
0168
0062
0004
0300
1104
1381
1488
1541
1248
0449
0176
0072
0024
0304
1105
1388
1484
1540
1248
0446
0168
0080
0020
0299
1104
1385
1480
1552
1250
0446
0160
0072
0020
0304
1097
1391
1481
1534
1253
0452
0170
0080
0024
0300
1104
1390
1481
1534
1256
0456
0176
0063
0016
0296
1096
1394
1488
1535
1257
0456
0170
0072
0040
0296
1090
1397
1489
1531
1263
0456
0168
0072
0036
0296
1093
1396
1488
1532
1258
0457
0170
0080
0032
0299
1096
1394
1488
1541
1248
0452
0176
0072
0020
0305
1104
1378
1474
1552
1238
0449
0186
0072
0000
0315
1093
1380
1497
1531
1248
0468
0183
0048
0024
0308
1080
1378
1494
1526
1252
0464
0168
0063
0021
0296
1086
1381
1488
1536
1252
0452
0170
0072
0024
0308
1104
1384
1483
1544
1249
0456
0173
0064
0020
0308
1098
1384
1488
1546
1233
0464
0186
0060
0004
0309
1089
1384
1497
1536
1236
0464
0176
0052
0032
0308
1078
1378
1494
1525
1254
0464
0168
0064
0040
0288
1096
1394
1480
1538
1258
0442
0168
0060
0004
0304
1105
1376
1493
1544
1238
0445
0176
0056
0016
0308
1090
1376
1502
1536
1242
0464
0176
0052
0020
0308
1093
1387
1493
1530
1258
0464
0168
0062
0024
0292
1096
1397
1484
1531
1258
0456
0180
0072
0020
0304
1098
1378
1488
1553
1241
0446
0168
0054
0008
0312
1092
1376
1500
1544
1232
0464
0183
0052
0016
0316
1082
1376
1490
1529
1249
0468
0168
0062
0020
0297
1085
1387
1480
1536
1253
0448
0168
0080
0020
0304
1108
1384
1480
1545
1245
0456
0180
0062
0008
0308
1096
1376
1500
1545
1228
0446
0176
0048
0016
0311
1085
1371
1499
1528
1248
0464
0180
0043
0032
0301
1085
1377
1484
1532
1264
0456
0168
0072
0032
0296
1108
1393
1476
1540
1252
0443
0170
0060
0000
0304
1105
1365
1497
1545
1233
0452
0186
0053
0016
0310
1081
1366
1504
1532
1248
0472
0168
0052
0032
0304
1090
1394
1488
1531
1257
0457
0169
0068
0032
0296
1088
1396
1480
1540
1248
0443
0168
0065
0016
0308
1100
1380
1485
1552
1235
0448
0182
0055
0016
0314
1082
1370
1494
1533
1244
0464
0170
0060
0016
0304
1083
1378
1488
1534
1252
0464
0168
0063
0016
0304
1093
1385
1488
1541
1239
0457
0176
0062
0016
0304
1092
1386
1492
1539
1239
0464
0176
0058
0016
0306
1086
1377
1490
1534
1248
0464
0171
0060
0020
0300
1086
1377
1482
1536
1248
0456
0172
0062
0016
0304
1092
1384
1489
1538
1242
0456
0176
0060
0016
0304
1089
1388
1492
1534
1248
0456
0172
0062
0016
0300
1093
1386
1488
1538
1244
0456
0173
0063
0016
0301
1093
1385
1492
1539
1241
0456
0176
0058
0016
0308
1091
1384
1492
1539
1240
0457
0180
0057
0016
0301
1089
1385
1492
1540
1244
0456
0176
0060
0016
0304
1090
1387
1490
1537
1244
0456
0176
0060
0016
0304
1092
1384
1492
1538
1243
0456
0176
0060
0016
0304
1093
1385
1492
1537
1243
0456
0173
0063
0016
0299
1092
1386
1492
1537
1242
0456
0172
0059
0016
0300
1092
1386
1489
1540
1242
0456
0173
0063
0016
0301
1089
1387
1490
1540
1243
0456
0176
0058
0016
0304
1092
1386
1489
1537
1242
0456
0180
0059
0016
0308
1089
1386
1492
1537
1240
0456
0176
0062
0016
0304
1089
1386
1490
1537
1242
0456
0171
0063
0016
0300
1090
1387
1488
1538
1243
0464
0171
0062
0016
0304
1092
1386
1488
1540
1242
0457
0176
0061
0016
0304
1092
1388
1488
1540
1241
0456
0176
0062
0016
0304
1090
1390
1490
1539
1241
0456
0176
0063
0016
0308
1088
1386
1491
1538
1242
0457
0171
0059
0016
0308
1087
1370
1488
1536
1240
0464
0176
0059
0016
0304
1096
1386
1491
1538
1241
0456
0176
0059
0016
0300
1092
1387
1490
1538
1242
0456
0176
0061
0016
0300
1090
1388
1491
1537
1248
0456
0176
0058
0016
0304
1092
1387
1492
1536
1246
0456
0176
0060
0016
0304
1092
1386
1496
1533
1250
0457
0180
0059
0016
0304
1097
1382
1494
1538
1244
0449
0176
0063
0016
0298
1096
1384
1493
1534
1249
0456
0180
0058
0016
0298
1098
1384
1489
1535
1253
0456
0176
0058
0020
0298
1092
1385
1494
1534
1248
0456
0180
0056
0016
0301
1093
1384
1492
1536
1248
0456
0180
0057
0016
0308
1089
1377
1497
1544
1243
0447
0168
0059
0016
0304
1096
1384
1490
1533
1252
0464
0176
0060
0016
0301
1093
1385
1492
1537
1243
0456
0176
0063
0016
0297
1090
1389
1493
1534
1245
0464
0176
0058
0016
0308
1088
1384
1490
1542
1243
0456
0176
0060
0016
0304
1089
1388
1490
1538
1243
0457
0176
0059
0016
0308
1093
1387
1486
1539
1244
0456
0176
0068
0021
0304
1092
1393
1490
1537
1242
0457
0176
0063
0016
0304
1090
1386
1488
1539
1243
0456
0169
0062
0016
0304
1085
1371
1490
1540
1239
0464
0176
0058
0016
0308
1092
1385
1489
1538
1243
0464
0171
0060
0016
0301
1090
1390
1489
1539
1242
0456
0176
0064
0021
0304
1093
1390
1488
1539
1248
0456
0172
0063
0016
0304
1090
1386
1492
1538
1243
0456
0173
0062
0016
0304
1096
1385
1490
1537
1244
0464
0173
0058
0016
0304
1090
1385
1492
1538
1241
0456
0176
0061
0016
0299
1092
1386
1490
1536
1242
0456
0176
0059
0016
0304
1092
1385
1491
1538
1243
0456
0176
0059
0016
0304
1090
1385
1491
1536
1242
0456
0180
0058
0016
0304
1092
1384
1492
1537
1246
0456
0176
0061
0016
0301
1092
1386
1493
1536
1245
0456
0176
0060
0016
0300
1093
1385
1490
1537
1244
0456
0176
0060
0016
0299
1093
1385
1493
1537
1242
0456
0180
0058
0016
0301
1092
1384
1492
1536
1243
0456
0180
0057
0016
0304
1092
1381
1491
1538
1245
0456
0180
0059
0016
0301
1092
1384
1493
1536
1246
0456
0176
0058
0016
0300
1092
1385
1493
1533
1250
0457
0176
0060
0016
0298
1092
1386
1495
1534
1250
0456
0180
0059
0016
0300
1096
1384
1492
1537
1243
0452
0180
0059
0016
0299
1093
1384
1492
1537
1245
0456
0180
0058
0016
0304
1093
1384
1492
1537
1243
0456
0180
0058
0016
0301
1093
1381
1496
1536
1242
0456
0180
0058
0016
0301
1093
1386
1494
1534
1250
0456
0176
0060
0016
0300
1093
1384
1492
1536
1248
0456
0176
0057
0016
0301
1093
1381
1491
1536
1248
0456
0176
0058
0016
0301
1092
1385
1492
1536
1244
0456
0180
0059
0016
0300
1092
1384
1493
1536
1242
0456
0180
0059
0016
0301
1090
1385
1493
1536
1244
0456
0176
0060
0016
0299
1093
1384
1492
1536
1244
0456
0180
0056
0016
0308
1092
1381
1493
1538
1244
0456
0180
0060
0016
0300
1093
1385
1492
1537
1244
0456
0176
0059
0016
0301
1090
1384
1492
1537
1245
0456
0176
0059
0016
0304
1090
1386
1491
1534
1249
0458
0176
0059
0016
0304
1092
1384
1490
1538
1243
0456
0176
0058
0016
0304
1090
1384
1491
1539
1241
0456
0176
0062
0016
0304
1089
1385
1490
1542
1243
0456
0172
0064
0032
0308
1090
1387
1489
1540
1241
0456
0176
0063
0016
0304
1092
1390
1489
1537
1242
0464
0176
0060
0016
0308
1087
1376
1490
1538
1239
0456
0176
0062
0016
0304
1092
1387
1489
1540
1243
0464
0176
0058
0016
0308
1092
1384
1489
1539
1245
0456
0176
0062
0016
0298
1093
1389
1490
1536
1248
0456
0176
0059
0016
0301
1096
1386
1494
1538
1248
0456
0176
0058
0020
0301
1089
1382
1495
1534
1249
0457
0180
0053
0016
0304
1096
1381
1492
1536
1248
0456
0176
0059
0016
0300
1093
1385
1492
1537
1242
0456
0180
0060
0016
0298
1096
1387
1489
1538
1243
0456
0176
0063
0016
0301
1089
1387
1490
1536
1240
0464
0173
0060
0016
0304
1090
1389
1488
1537
1244
0464
0170
0059
0016
0308
1089
1386
1490
1538
1240
0457
0180
0060
0016
0304
1096
1386
1489
1540
1242
0456
0176
0060
0016
0304
1090
1380
1493
1540
1243
0452
0176
0062
0016
0298
1091
1385
1492
1532
1250
0456
0176
0055
0016
0301
1092
1382
1492
1534
1250
0456
0176
0058
0016
0298
1092
1386
1493
1532
1248
0456
0180
0059
0016
0304
1092
1384
1489
1540
1244
0452
0172
0063
0016
0301
1090
1387
1490
1536
1240
0456
0176
0062
0016
0304
1092
1386
1489
1539
1242
0464
0173
0060
0016
0304
1090
1386
1492
1537
1239
0456
0176
0059
0016
0304
1090
1384
1491
1536
1245
0456
0176
0056
0016
0300
1090
1386

